Frequency Merging-Normal Merging-Umklapp Splitting-Normal Splitting-Umklapp Total_DOS
0.0 0.4654219904231922 0.3700134565855227 0.0 0.0 0.8354354470087154
0.02002002002002002 0.6399273567352338 0.5107994857985338 0.0 0.0 1.150726842533767
0.04004004004004004 0.8646146593698227 0.6934378689194498 0.0 0.0 1.5580525282892732
0.06006006006006006 1.1480173354610368 0.9259106307518465 0.0 0.0 2.0739279662128847
0.08008008008008008 1.4980928020848845 1.216264949736384 0.0 0.0 2.71435775182127
0.10010010010010009 1.9214517059833809 1.5721455348670728 0.0 0.0 3.4935972408504568
0.12012012012012012 2.4224979592986386 2.000262276230397 0.0 0.0 4.422760235529035
0.14014014014014015 3.002556460054491 2.5058387444573107 0.0 0.0 5.508395204511796
0.16016016016016016 3.6590879650009183 3.0920990178273797 0.0 0.0 6.751186982828297
0.18018018018018017 4.385103420520946 3.759855250220282 0.0 0.0 8.14495867074122
0.20020020020020018 5.168888492636538 4.507253978883101 0.0 0.0 9.676142471519638
0.22022022022022023 5.994130092605655 5.329724545719187 0.0 0.0 11.323854638324843
0.24024024024024024 6.840500103640961 6.2201493687954725 0.0 0.0 13.060649472436438
0.2602602602602603 7.684700323442231 7.169246536740773 0.0 0.0 14.853946860182992
0.2802802802802803 8.501913158479425 8.16612544699047 0.0 0.0 16.6680386054699
0.3003003003003003 9.267543611989435 9.198951880406389 0.0 0.0 18.466495492395815
0.3203203203203203 9.95908934928367 10.25564531839932 0.0 0.0 20.214734667682983
0.34034034034034033 10.557945943519218 11.324531768122569 0.0 0.0 21.882477711641794
0.36036036036036034 11.050949864434504 12.394890075098537 0.0 0.0 23.445839939533027
0.38038038038038036 11.431484257740099 13.45735541226436 0.0 0.0 24.88883967000444
0.40040040040040037 11.700019242181334 14.50417415956186 0.0 0.0 26.204193401743222
0.42042042042042044 11.864022263074482 15.529332047378897 0.0 0.0 27.39335431045337
0.44044044044044045 11.93724512205726 16.52859502936175 0.0 0.0 28.465840151419
0.46046046046046046 11.938462014128712 17.49950517486588 0.0 0.0 29.43796718899464
0.4804804804804805 11.88978794826017 18.44136119850811 0.0 0.0 30.331149146768254
0.5005005005005005 11.814743035383938 19.355188759397176 0.0 0.0 31.16993179478107
0.5205205205205206 11.736242904473064 20.24367668653152 0.0 0.0 31.979919591004588
0.5405405405405406 11.67469031460273 21.111030926898188 0.0 0.0 32.78572124150094
0.5605605605605606 11.646322010627506 21.962686729934937 0.0 0.0 33.60900874056238
0.5805805805805806 11.661933484423882 22.80482684948343 0.0 0.0 34.46676033390739
0.6006006006006006 11.72606784721383 23.643680259044263 0.0 0.0 35.36974810625812
0.6206206206206206 11.836717526757505 24.484617964480552 0.0 0.0 36.3213354912381
0.6406406406406406 11.985551306785856 25.331111806319015 0.0 0.0 37.31666311310486
0.6606606606606606 12.158645170646293 26.18366833062001 0.0 0.0 38.342313501266226
0.6806806806806807 12.337663548426335 27.038882696174046 0.0 0.0 39.37654624460034
0.7007007007007007 12.501407993396036 27.888769344158998 0.0 0.0 40.39017733755489
0.7207207207207207 12.627623827001157 28.720512795734166 0.0 0.0 41.34813662273535
0.7407407407407407 12.694933634441101 29.516743881398504 0.0 0.0 42.2116775158397
0.7607607607607607 12.684752122786874 30.256388431958896 0.0 0.0 42.94114055474582
0.7807807807807807 12.583032346341335 30.916064558837256 0.0 0.0 43.499096905178604
0.8008008008008007 12.381700610868235 31.471930532778803 0.0 0.0 43.8536311436472
0.8208208208208209 12.07965718017791 31.90181790292848 0.0 0.0 43.98147508310656
0.8408408408408409 11.683251321318826 32.187433283021136 0.0 0.0 43.87068460434005
0.8608608608608609 11.206179791333607 32.31638502824972 0.0 0.0 43.52256481958303
0.8808808808808809 10.668803995868466 32.28379327167834 0.0 0.0 42.952597267546864
0.9009009009009009 10.096928600385917 32.09327567175187 0.0 0.0 42.19020427213768
0.9209209209209209 9.520129292332774 31.757165001949648 0.0 0.0 41.27729429428264
0.9409409409409409 8.969756187557827 31.295902381304 0.0 0.0 40.26565856886166
0.960960960960961 8.476769367938486 30.73665147553225 0.0 0.0 39.2134208434707
0.980980980980981 8.069582357727752 30.111281368706518 0.0 0.0 38.180863726434325
1.001001001001001 7.772096748707334 29.453954758340792 0.0 0.0 37.22605150704837
1.021021021021021 7.602105823972682 28.798620437526292 0.0 0.0 36.40072626149897
1.0410410410410411 7.570226326989763 28.176734807683378 0.0 0.0 35.74696113467326
1.0610610610610611 7.67948522060283 27.61552167837895 0.0 0.0 35.29500689898178
1.0810810810810811 7.925642733036922 27.13702415667785 0.0 0.0 35.06266688971478
1.1011011011011012 8.298275607105593 26.758114083850376 0.0 0.0 35.05638969095589
1.1211211211211212 8.782578201195225 26.491514771249822 0.0 0.0 35.27409297244512
1.1411411411411412 9.36176872485459 26.34777566224734 0.0 0.0 35.70954438710197
1.1611611611611612 10.019920014968083 26.338027091052528 0.0 0.0 36.35794710602048
1.1811811811811812 10.744976736321094 26.477251740615564 0.0 0.0 37.222228476936586
1.2012012012012012 11.531681862051126 26.78774564552523 0.0 0.0 38.319427507576385
1.2212212212212212 12.384121802433123 27.302410566485296 0.0 0.0 39.68653236891836
1.2412412412412412 13.317616086613056 28.067522147584935 0.0 0.0 41.385138234198045
1.2612612612612613 14.359724723869089 29.144651676475537 0.0 0.0 43.50437640034449
1.2812812812812813 15.550220419270055 30.61147776413688 0.0 0.0 46.16169818340694
1.3013013013013013 16.939965411626176 32.561300005275406 0.0 0.0 49.50126541690134
1.3213213213213213 18.58873213914789 35.101150731444626 0.0 0.0 53.6898828705928
1.3413413413413413 20.562099917713006 38.34848447477688 0.0 0.0 58.91058439248978
1.3613613613613613 22.927633780168193 42.42650034513416 0.0 0.0 65.35413412530244
1.3813813813813813 25.750597203456792 47.45821575336484 0.0 0.0 73.20881295682194
1.4014014014014013 29.089463495787953 53.55946054330089 0.0 0.0 82.64892403908854
1.4214214214214214 32.991473336690085 60.831003155317 0.0 0.0 93.82247649200761
1.4414414414414414 37.4884467975473 69.35006368758975 0.0 0.0 106.83851048513687
1.4614614614614614 42.593010261389296 79.16152360866373 0.0 0.0 121.75453387005304
1.4814814814814814 48.295357065739424 90.26921812614886 0.0 0.0 138.5645751918885
1.5015015015015014 54.56063878065883 102.62779893845762 0.0 0.0 157.1884377191168
1.5215215215215214 61.327089779074804 116.1357765084495 0.0 0.0 177.4628662875247
1.5415415415415414 68.50502078711098 130.6304736032093 0.0 0.0 199.13549439032087
1.5615615615615615 75.97686736380436 145.88571442106428 0.0 0.0 221.8625817848693
1.5815815815815815 83.59852790587058 161.61309598587846 0.0 0.0 245.2116238917498
1.6016016016016015 91.20224848327676 177.46759911130522 0.0 0.0 268.66984759458086
1.6216216216216217 98.60128415931915 193.05806280521887 0.0 0.0 291.65934696453974
1.6416416416416417 105.5964703634989 207.96265670333722 0.0 0.0 313.5591270668367
1.6616616616616617 111.98466778492262 221.7489590000303 0.0 0.0 333.73362678495283
1.6816816816816818 117.56881126881991 233.99763447549256 0.0 0.0 351.56644574431203
1.7017017017017018 122.16902610842168 244.32809182102042 0.0 0.0 366.4971179294425
1.7217217217217218 125.63401723768506 252.4239849354042 0.0 0.0 378.0580021730891
1.7417417417417418 127.85173893956387 258.05611502145905 0.0 0.0 385.90785396102217
1.7617617617617618 128.75826321386361 261.10027594607664 0.0 0.0 389.8585391599393
1.7817817817817818 128.3438192499351 261.5479115911237 0.0 0.0 389.891730841058
1.8018018018018018 126.6551876292659 259.50811340849526 0.0 0.0 386.1633010377635
1.8218218218218218 123.79398642029781 255.20041195638572 0.0 0.0 378.99439837668115
1.8418418418418419 119.9108400391443 248.93888760398121 0.0 0.0 368.8497276431242
1.8618618618618619 115.19591152603576 241.1091874976141 0.0 0.0 356.30509902365037
1.8818818818818819 109.86672931927687 232.1409239544775 0.0 0.0 342.0076532737542
1.901901901901902 104.15457747256166 222.4784996088862 0.0 0.0 326.6330770814496
1.921921921921922 98.29088613249328 212.55355945544466 0.0 0.0 310.84444558793905
1.941941941941942 92.49502628273648 202.7619769204075 0.0 0.0 295.2570032031445
1.961961961961962 86.96468134794812 193.44757926961316 0.0 0.0 280.4122606175603
1.981981981981982 81.86957303078788 184.89381138299393 0.0 0.0 266.76338441378283
2.002002002002002 77.34882122600972 177.3233784254612 0.0 0.0 254.67219965147092
2.022022022022022 73.51169553590252 170.90477218200766 0.0 0.0 244.41646771790997
2.042042042042042 70.44104915044609 165.76364235910285 0.0 0.0 236.20469150954943
2.062062062062062 68.19838461537738 161.9963608926447 0.0 0.0 230.19474550802218
2.0820820820820822 66.82933392836753 159.68293021443208 0.0 0.0 226.51226414279816
2.1021021021021022 66.3683628390835 158.89662795015593 0.0 0.0 225.26499078923862
2.1221221221221223 66.84172117982085 159.70841781127302 0.0 0.0 226.5501389910954
2.1421421421421423 68.26801991462202 162.18508916015176 0.0 0.0 230.45310907477523
2.1621621621621623 70.65626299809107 166.3811737757499 0.0 0.0 237.03743677384003
2.1821821821821823 74.00162853720562 172.32576512593207 0.0 0.0 246.32739366313595
2.2022022022022023 78.27970915245061 180.0062736032957 0.0 0.0 258.2859827557465
2.2222222222222223 83.44022558963852 189.3517575481672 0.0 0.0 272.79198313780535
2.2422422422422423 89.40137827662262 200.21868651646957 0.0 0.0 289.62006479309315
2.2622622622622623 96.04597957266594 212.38178974339363 0.0 0.0 308.42776931606085
2.2822822822822824 103.22032064757967 225.53205005827948 0.0 0.0 328.75237070585865
2.3023023023023024 110.73639982094723 239.28300861132612 0.0 0.0 350.01940843227277
2.3223223223223224 118.37772020919626 253.1854780216669 0.0 0.0 371.56319823086176
2.3423423423423424 125.90841086943328 266.74967275848525 0.0 0.0 392.65808362791597
2.3623623623623624 133.0849972765266 279.4728071082322 0.0 0.0 412.5578043847582
2.3823823823823824 139.66979891884543 290.86951172824837 0.0 0.0 430.53931064708956
2.4024024024024024 145.44470745572806 300.502067696016 0.0 0.0 445.94677515174163
2.4224224224224224 150.22402526675208 308.0074885701603 0.0 0.0 458.23151383691373
2.4424424424424425 153.86512927818737 313.1188781831434 0.0 0.0 466.9840074613272
2.4624624624624625 156.27595699648333 315.6791874589444 0.0 0.0 471.955144455424
2.4824824824824825 157.41866094881536 315.6463834088419 0.0 0.0 473.0650443576579
2.5025025025025025 157.30919984088197 313.0900034387106 0.0 0.0 470.39920327959226
2.5225225225225225 156.01307587970402 308.1799724175542 0.0 0.0 464.1930482972568
2.5425425425425425 153.63783124944612 301.16929855171537 0.0 0.0 454.80712980116164
2.5625625625625625 150.32323071216115 292.3727565188356 0.0 0.0 442.6959872309966
2.5825825825825826 146.23024191234236 282.14387039719645 0.0 0.0 428.3741123095405
2.6026026026026026 141.52995882485075 270.85242364925534 0.0 0.0 412.38238247410817
2.6226226226226226 136.3934978786296 258.86438578177166 0.0 0.0 395.2578836604024
2.6426426426426426 130.98365437140248 246.52562225881616 0.0 0.0 377.50927663021906
2.6626626626626626 125.44878186641343 234.15013110667513 0.0 0.0 359.59891297308974
2.6826826826826826 119.91900439241655 222.01291694654626 0.0 0.0 341.93192133896264
2.7027027027027026 114.50454791331276 210.34705392694283 0.0 0.0 324.85160184025904
2.7227227227227226 109.29573328598514 199.34406822076312 0.0 0.0 308.6398015067474
2.7427427427427427 104.36404075211762 189.1565285324063 0.0 0.0 293.5205692845246
2.7627627627627627 99.76364687166635 179.90168194526447 0.0 0.0 279.66532881693024
2.7827827827827827 95.5329367451207 171.66509862067178 0.0 0.0 267.1980353657903
2.8028028028028027 91.69567615204997 164.50355670229052 0.0 0.0 256.19923285433873
2.8228228228228227 88.26174654652816 158.4467573615579 0.0 0.0 246.70850390808644
2.8428428428428427 85.22755436089288 153.49785036935157 0.0 0.0 238.72540473024455
2.8628628628628627 82.57638427554488 149.6331132495147 0.0 0.0 232.20949752506075
2.8828828828828827 80.27904622734083 146.8014079698813 0.0 0.0 227.0804541972217
2.9029029029029028 78.29515664315595 144.92419544047695 0.0 0.0 223.2193520836321
2.9229229229229228 76.57530119860073 143.8968928262085 0.0 0.0 220.47219402480997
2.942942942942943 75.06416900397878 143.5922044473243 0.0 0.0 218.65637345130273
2.962962962962963 73.70455581780001 143.86575863138734 0.0 0.0 217.5703144491858
2.982982982982983 72.44194025884286 144.56397803852886 0.0 0.0 217.00591829737186
3.003003003003003 71.22917476133806 145.53365839427818 0.0 0.0 216.76283315561602
3.023023023023023 70.03072984435389 146.632304262776 0.0 0.0 216.6630341071294
3.043043043043043 68.82590560140673 147.73795033387108 0.0 0.0 216.5638559352763
3.063063063063063 67.61048737519167 148.75705552666727 0.0 0.0 216.36754290185894
3.083083083083083 66.39647121156739 149.62914644245166 0.0 0.0 216.02561765401913
3.103103103103103 65.20970508429943 150.3272230313785 0.0 0.0 215.536928115679
3.123123123123123 64.08555928033294 150.85349585973856 0.0 0.0 214.93905514007162
3.143143143143143 63.06301990913002 151.23072901162425 0.0 0.0 214.29374892075458
3.163163163163163 62.177853750932265 151.49020582126798 0.0 0.0 213.6680595722002
3.183183183183183 61.45568032218748 151.65798584563166 0.0 0.0 213.11366616781837
3.203203203203203 60.905873144188746 151.74155286952498 0.0 0.0 212.64742601371398
3.2232232232232234 60.51717347943865 151.71906585352409 0.0 0.0 212.23623933296216
3.2432432432432434 60.25573018092505 151.5331693676464 0.0 0.0 211.78889954857164
3.2632632632632634 60.06599319772824 151.0907144066824 0.0 0.0 211.15670760441168
3.2832832832832834 59.874520511521354 150.26886883453977 0.0 0.0 210.14338934606144
3.3033033033033035 59.59636006370176 148.92709808680834 0.0 0.0 208.52345815050975
3.3233233233233235 59.14329958131604 146.92354044757948 0.0 0.0 206.06684002889503
3.3433433433433435 58.43299685524008 144.13355476873733 0.0 0.0 202.56655162397738
3.3633633633633635 57.397857798900574 140.4678150707061 0.0 0.0 197.86567286960693
3.3833833833833835 55.99254545919352 135.8873384914532 0.0 0.0 191.87988395064698
3.4034034034034035 54.19917973812048 130.4132581432753 0.0 0.0 184.61243788139532
3.4234234234234235 52.02959786188088 124.12991451444903 0.0 0.0 176.15951237633007
3.4434434434434436 49.52444050483433 117.1808043268574 0.0 0.0 166.7052448316924
3.4634634634634636 46.74924571328814 109.75792978359864 0.0 0.0 156.50717549688704
3.4834834834834836 43.78810833998623 102.0859707865271 0.0 0.0 145.87407912651267
3.5035035035035036 40.73574209615563 94.40332611628895 0.0 0.0 135.13906821244478
3.5235235235235236 37.688928682298986 86.94235796274825 0.0 0.0 124.63128664504683
3.5435435435435436 34.73834162034865 79.91111162897761 0.0 0.0 114.64945324932609
3.5635635635635636 31.96160327039775 73.47841240396924 0.0 0.0 105.44001567436678
3.5835835835835836 29.418203850921962 67.76365363165897 0.0 0.0 97.18185748258077
3.6036036036036037 27.14662531944876 62.831897330620514 0.0 0.0 89.97852265006942
3.6236236236236237 25.163718463925317 58.69422613555408 0.0 0.0 83.85794459947944
3.6436436436436437 23.466121262094056 55.312708996657314 0.0 0.0 78.77883025875143
3.6636636636636637 22.033311729145588 52.60893693160954 0.0 0.0 74.64224866075493
3.6836836836836837 20.83177527627995 50.474875377284135 0.0 0.0 71.30665065356419
3.7037037037037037 19.819735855936045 48.7847570259547 0.0 0.0 68.60449288189061
3.7237237237237237 18.95193980095713 47.40686687459048 0.0 0.0 66.35880667554751
3.7437437437437437 18.18407070128039 46.21429733923391 0.0 0.0 64.39836804051414
3.7637637637637638 17.47648897934258 45.09402005095437 0.0 0.0 62.57050903029694
3.7837837837837838 16.79710858712925 43.953883798184776 0.0 0.0 60.750992385314
3.803803803803804 16.12332818465803 42.72737070432294 0.0 0.0 58.8506988889808
3.823823823823824 15.443015216590858 41.37610822826772 0.0 0.0 56.81912344485843
3.843843843843844 14.754595948720388 39.89024274618227 0.0 0.0 54.644838694902624
3.863863863863864 14.066336552699651 38.2868440153415 0.0 0.0 52.35318056804112
3.883883883883884 13.394917608509731 36.60654862636881 0.0 0.0 50.00146623487856
3.903903903903904 12.763416159461928 34.908685381294106 0.0 0.0 47.67210154075601
3.923923923923924 12.198823660715142 33.265172333428396 0.0 0.0 45.463995994143595
3.943943943943944 11.729249435528214 31.75354103304004 0.0 0.0 43.48279046856809
3.963963963963964 11.380987733423648 30.449524648790415 0.0 0.0 41.83051238221399
3.983983983983984 11.17565772240332 29.41972928435786 0.0 0.0 40.59538700676123
4.004004004004004 11.127651633334413 28.714970987052723 0.0 0.0 39.84262262038714
4.024024024024024 11.242136808424748 28.364881070097614 0.0 0.0 39.6070178785224
4.044044044044044 11.51384299746593 28.374338772024455 0.0 0.0 39.888181769490394
4.064064064064064 11.926820140047607 28.722170567025646 0.0 0.0 40.64899070707318
4.084084084084084 12.455272248522423 29.362359733141826 0.0 0.0 41.817631981664206
4.104104104104104 13.065464322256213 30.227752856361068 0.0 0.0 43.29321717861727
4.124124124124124 13.718572455868227 31.235960702100545 0.0 0.0 44.95453315796876
4.1441441441441444 14.37421890824045 32.2968689221917 0.0 0.0 46.6710878304321
4.1641641641641645 14.99432352499055 33.32094367510421 0.0 0.0 48.31526720009508
4.1841841841841845 15.546830171822055 34.22737969117955 0.0 0.0 49.77420986300162
4.2042042042042045 16.00884768667281 34.95112380866192 0.0 0.0 50.95997149533463
4.2242242242242245 16.368788213525725 35.4479278560286 0.0 0.0 51.81671606955447
4.2442442442442445 16.627191159154872 35.69683138922515 0.0 0.0 52.324022548379936
4.2642642642642645 16.79607772109061 35.699815652954456 0.0 0.0 52.495893374044925
4.2842842842842845 16.896869092350233 35.478755876549386 0.0 0.0 52.37562496889954
4.3043043043043046 16.95709478844103 35.07017044644433 0.0 0.0 52.027265234885114
4.324324324324325 17.00628751480066 34.51856387800475 0.0 0.0 51.524851392805154
4.344344344344345 17.071581450952735 33.86933817936482 0.0 0.0 50.94091963031758
4.364364364364365 17.17358242897181 33.16227637148632 0.0 0.0 50.33585880045807
4.384384384384385 17.323052003897324 32.42647980017632 0.0 0.0 49.74953180407381
4.404404404404405 17.518845380366788 31.67738999863698 0.0 0.0 49.19623537900365
4.424424424424425 17.7473795434441 30.916189714273386 0.0 0.0 48.66356925771743
4.444444444444445 17.98370598874956 30.131512474762445 0.0 0.0 48.11521846351201
4.464464464464465 18.194051054878706 29.30305430616053 0.0 0.0 47.497105361039274
4.484484484484485 18.339496114172864 28.406425649788716 0.0 0.0 46.74592176396178
4.504504504504505 18.380326468797918 27.418440806060463 0.0 0.0 45.798767274858
4.524524524524525 18.2805010476258 26.32203018799178 0.0 0.0 44.602531235617356
4.544544544544545 18.011694071248375 25.110069616898638 0.0 0.0 43.121763688146906
4.564564564564565 17.556432587841176 23.787624807622475 0.0 0.0 41.344057395463544
4.584584584584585 16.909987299473507 22.37236969403914 0.0 0.0 39.282356993512664
4.604604604604605 16.080847059555573 20.893211059109486 0.0 0.0 36.97405811866539
4.624624624624625 15.089793588779525 19.387398250151545 0.0 0.0 34.477191838931184
4.644644644644645 13.967765433919613 17.896583259496673 0.0 0.0 31.864348693416257
4.664664664664665 12.752835644062175 16.462403121920264 0.0 0.0 29.215238765982445
4.684684684684685 11.486709747460383 15.122177050389107 0.0 0.0 26.60888679784953
4.704704704704705 10.21117221984246 13.905251311433608 0.0 0.0 24.11642353127607
4.724724724724725 8.964873215259646 12.830401856089594 0.0 0.0 21.795275071349234
4.744744744744745 7.78076381202352 11.904540874872803 0.0 0.0 19.68530468689632
4.764764764764765 6.6843742769443715 11.12279394819325 0.0 0.0 17.807168225137637
4.784784784784785 5.693005384848332 10.46984352783568 0.0 0.0 16.16284891268398
4.804804804804805 4.815786405453399 9.922292538846373 0.0 0.0 14.738078944299758
4.824824824824825 4.05446010978457 9.45170369064289 0.0 0.0 13.506163800427437
4.844844844844845 3.404694647599982 9.027923719771717 0.0 0.0 12.432618367371708
4.864864864864865 2.8576977722298915 8.6223084859949 0.0 0.0 11.480006258224794
4.884884884884885 2.401918226482202 8.21051948522885 0.0 0.0 10.612437711711065
4.904904904904905 2.024655287874977 7.774654526686834 0.0 0.0 9.799309814561813
4.924924924924925 1.7134510016291882 7.304590899859474 0.0 0.0 9.018041901488663
4.944944944944945 1.457200250439317 6.798542270823857 0.0 0.0 8.255742521263185
4.964964964964965 1.2469721124741235 6.262944772221922 0.0 0.0 7.509916884696044
4.984984984984985 1.0765844718881277 5.711879115111383 0.0 0.0 6.788463586999501
5.005005005005005 0.9430075394285373 5.166293181735237 0.0 0.0 6.109300721163773
5.025025025025025 0.8466882057936299 4.653306770468451 0.0 0.0 5.499994976262079
5.045045045045045 0.7918854176201716 4.2058547114140445 0.0 0.0 4.997740129034217
5.065065065065065 0.787087975665688 3.8628583478768235 0.0 0.0 4.649946323542524
5.085085085085085 0.8455522941005221 3.670013800064997 0.0 0.0 4.515566094165515
5.105105105105105 0.985951528368855 3.6811567949748754 0.0 0.0 4.667108323343726
5.125125125125125 1.2330727550132048 3.960018986084252 0.0 0.0 5.193091741097448
5.145145145145145 1.6184404520604245 4.58204298218487 0.0 0.0 6.200483434245291
5.165165165165165 2.180688891711693 5.635789014783713 0.0 0.0 7.8164779064954075
5.185185185185185 2.9654616180867155 7.223364637778485 0.0 0.0 10.188826255865195
5.205205205205205 4.0245930379998995 9.45926200137258 0.0 0.0 13.48385503937242
5.225225225225225 5.414336176890611 12.467017789217952 0.0 0.0 17.881353966108513
5.245245245245245 7.192451727034179 16.37323883752689 0.0 0.0 23.565690564561088
5.265265265265265 9.414073003903454 21.2987738670867 0.0 0.0 30.71284687099022
5.285285285285285 12.126409274987031 27.347156798139324 0.0 0.0 39.47356607312643
5.305305305305305 15.362537054171751 34.59087836820787 0.0 0.0 49.95341542237973
5.325325325325325 19.13473578058102 43.05651596648343 0.0 0.0 62.191251747064456
5.345345345345345 23.42802121661414 52.71020052302547 0.0 0.0 76.13822173963928
5.365365365365365 28.194680282979004 63.44524224430511 0.0 0.0 91.63992252728366
5.385385385385385 33.35067684746862 75.07388899714486 0.0 0.0 108.42456584461345
5.405405405405405 38.77474725159448 87.32508063319017 0.0 0.0 126.09982788478443
5.425425425425425 44.31081939011389 99.84964950803953 0.0 0.0 144.16046889815215
5.445445445445445 49.77407338939293 112.23370901914979 0.0 0.0 162.00778240854348
5.465465465465465 54.960543635945434 124.02003098712916 0.0 0.0 178.98057462307455
5.485485485485485 59.65969313766619 134.73615558568807 0.0 0.0 194.39584872335504
5.505505505505505 63.66894132592575 143.92696015554418 0.0 0.0 207.59590148146967
5.525525525525525 66.80877087494558 151.18860582631206 0.0 0.0 217.9973767012576
5.545545545545545 68.93684535639126 156.2003362467123 0.0 0.0 225.13718160310322
5.565565565565565 69.9595829143661 158.75062445583188 0.0 0.0 228.71020737019788
5.585585585585585 69.83986411746231 158.75468160087624 0.0 0.0 228.5945457183389
5.605605605605605 68.59997954532763 156.26129916419836 0.0 0.0 224.86127870952532
5.625625625625625 66.31948442300833 151.44825950427352 0.0 0.0 217.7677439272818
5.645645645645645 63.12823884504735 144.60692586587606 0.0 0.0 207.73516471092407
5.665665665665665 59.19547861962885 136.11789876996502 0.0 0.0 195.31337738959456
5.685685685685685 54.716197546265356 126.4206053565164 0.0 0.0 181.13680290278197
5.7057057057057055 49.89636516687968 115.98023113259262 0.0 0.0 165.8765962994722
5.7257257257257255 44.93852769792242 105.25544874007748 0.0 0.0 150.1939764380001
5.7457457457457455 40.02915524484962 94.6699728717942 0.0 0.0 134.6991281166436
5.7657657657657655 35.32875078610583 84.59017971426913 0.0 0.0 119.91893050037498
5.7857857857857855 30.96529432221254 75.31003223500403 0.0 0.0 106.27532655721636
5.8058058058058055 27.031136360937225 67.04352808505304 0.0 0.0 94.0746644459905
5.8258258258258255 23.583049833873055 59.92399856768663 0.0 0.0 83.50704840155991
5.8458458458458455 20.644851642882326 54.00895476552471 0.0 0.0 74.65380640840696
5.865865865865866 18.21184180837634 49.288858931179306 0.0 0.0 67.50070073955565
5.885885885885886 16.256280123141515 45.69818931073774 0.0 0.0 61.95446943387928
5.905905905905906 14.73320470746138 43.12740337444996 0.0 0.0 57.86060808191137
5.925925925925926 13.586056015544205 41.43479107146946 0.0 0.0 55.02084708701366
5.945945945945946 12.75176000137655 40.457637689084464 0.0 0.0 53.209397690460975
5.965965965965966 12.165105024426197 40.02248820487941 0.0 0.0 52.1875932293055
5.985985985985986 11.762388711546814 39.95455400153329 0.0 0.0 51.71694271308007
6.006006006006006 11.484397560427832 40.08639959137755 0.0 0.0 51.57079715180544
6.026026026026026 11.278812233917884 40.26600184221082 0.0 0.0 51.54481407612875
6.046046046046046 11.102115873037416 40.36412882925191 0.0 0.0 51.46624470228922
6.066066066066066 10.921039482155738 40.280799849593066 0.0 0.0 51.201839331748815
6.086086086086086 10.71352801559463 39.95042526643272 0.0 0.0 50.66395328202734
6.106106106106106 10.469171399478137 39.34513654064217 0.0 0.0 49.814307940120294
6.126126126126126 10.18902882775278 38.475833747097894 0.0 0.0 48.66486257485069
6.146146146146146 9.884787423575101 37.390605166769255 0.0 0.0 47.275392590344346
6.166166166166166 9.57723573737718 36.17039213723968 0.0 0.0 45.74762787461688
6.186186186186186 9.294090952257985 34.92204528538394 0.0 0.0 44.216136237641955
6.206206206206206 9.067285284109337 33.7691998758073 0.0 0.0 42.83648515991672
6.226226226226226 8.92988045260129 32.84164359369194 0.0 0.0 41.771524046293344
6.246246246246246 8.912829303511609 32.264024061304525 0.0 0.0 41.176853364816054
6.266266266266266 9.041833578108085 32.14482435718968 0.0 0.0 41.186657935297745
6.286286286286286 9.33455270264063 32.566516990759524 0.0 0.0 41.901069693400174
6.306306306306306 9.798399715823775 33.57769830182742 0.0 0.0 43.376098017651216
6.326326326326326 10.429119014206924 35.18782427984046 0.0 0.0 45.616943294047445
6.346346346346346 11.210280274196608 37.36493898808948 0.0 0.0 48.57521926228602
6.366366366366366 12.11374880935354 40.036533171663606 0.0 0.0 52.1502819810171
6.386386386386386 13.101110830897394 43.09341674970944 0.0 0.0 56.19452758060675
6.406406406406406 14.125949492645878 46.39625521753401 0.0 0.0 60.52220471017991
6.426426426426427 15.136791700208956 49.78422341227024 0.0 0.0 64.92101511247928
6.446446446446447 16.08048407064332 53.08508386506113 0.0 0.0 69.1655679357045
6.466466466466467 16.905716143436237 56.12591047980939 0.0 0.0 73.03162662324554
6.486486486486487 17.566395325545283 58.743656629347655 0.0 0.0 76.31005195489296
6.506506506506507 18.024593755048084 60.794810010266346 0.0 0.0 78.81940376531436
6.526526526526527 18.25283142549836 62.16347925832498 0.0 0.0 80.41631068382344
6.546546546546547 18.235527873021706 62.76740841887633 0.0 0.0 81.00293629189785
6.566566566566567 17.96953848359477 62.56159937203799 0.0 0.0 80.53113785563299
6.586586586586587 17.463780796137378 61.53942098727617 0.0 0.0 79.00320178341374
6.606606606606607 16.73804021248528 59.73127851365197 0.0 0.0 76.46931872613719
6.626626626626627 15.821113572400575 57.20109088118854 0.0 0.0 73.02220445358903
6.646646646646647 14.748496051753907 54.040964405847284 0.0 0.0 68.78946045760104
6.666666666666667 13.559838325928396 50.36455084294535 0.0 0.0 63.92438916887379
6.686686686686687 12.296397241766648 46.299632578835684 0.0 0.0 58.59602982060242
6.706706706706707 10.998677997184586 41.98048877036098 0.0 0.0 52.979166767545465
6.726726726726727 9.704424952873193 37.54056715466239 0.0 0.0 47.244992107535516
6.746746746746747 8.447068616814672 33.105922689615646 0.0 0.0 41.5529913064303
6.766766766766767 7.2546847568273245 28.789792999973614 0.0 0.0 36.04447775680091
6.786786786786787 6.149473563639322 24.68856956101806 0.0 0.0 30.838043124657396
6.806806806806807 5.147726176770655 20.879301248920424 0.0 0.0 26.027027425691106
6.826826826826827 4.260214762346032 17.418742649798336 0.0 0.0 21.67895741214439
6.846846846846847 3.492921163332215 14.34384302582529 0.0 0.0 17.83676418915748
6.866866866866867 2.8480072055972663 11.673472379352868 0.0 0.0 14.521479584950193
6.886886886886887 2.324925599854939 9.41110651715272 0.0 0.0 11.736032117007664
6.906906906906907 1.9215723239566733 7.548148792031086 0.0 0.0 9.469721115987783
6.926926926926927 1.6353877896776525 6.067554368377286 0.0 0.0 7.702942158054944
6.946946946946947 1.4643237314093118 4.94744186192358 0.0 0.0 6.411765593332902
6.966966966966967 1.407604841117144 4.164422143407076 0.0 0.0 5.572026984524224
6.986986986986987 1.4662285016523369 3.6964376080795702 0.0 0.0 5.162666109731899
7.007007007007007 1.6431628060242471 3.5249787151694614 0.0 0.0 5.1681415211937125
7.027027027027027 1.9432229510894676 3.6366196124505117 0.0 0.0 5.579842563539986
7.047047047047047 2.372629596163242 4.023883911759546 0.0 0.0 6.396513507922797
7.067067067067067 2.9382799846800363 4.685509800080467 0.0 0.0 7.623789784760515
7.087087087087087 3.6467927687601622 5.626227360690443 0.0 0.0 9.273020129450577
7.107107107107107 4.503418528221681 6.856188734907521 0.0 0.0 11.359607263129167
7.127127127127127 5.510936477704816 8.390203281954047 0.0 0.0 13.90113975965888
7.147147147147147 6.66867904795194 10.246925447661912 0.0 0.0 16.915604495613895
7.167167167167167 7.971834383069488 12.448122934742296 0.0 0.0 20.419957317811786
7.187187187187187 9.41116695863459 15.01811717244163 0.0 0.0 24.429284131076262
7.207207207207207 10.97326455092624 17.9834373993797 0.0 0.0 28.956701950305934
7.227227227227227 12.641364477884991 21.37266523488108 0.0 0.0 34.01402971276617
7.247247247247247 14.39673607826641 25.216371768351877 0.0 0.0 39.61310784661832
7.267267267267267 16.220506999494702 29.546970404893873 0.0 0.0 45.767477404388664
7.287287287287287 18.095729569909928 34.39823629652641 0.0 0.0 52.49396586643641
7.307307307307307 20.009405094694685 39.80419132332974 0.0 0.0 59.81359641802441
7.327327327327327 21.954134252464378 45.79703906144208 0.0 0.0 67.75117331390629
7.347347347347347 23.929055206910707 52.4038738461568 0.0 0.0 76.33292905306764
7.367367367367367 25.939777313078025 59.641995024119005 0.0 0.0 85.58177233719724
7.387387387387387 27.9971198212452 67.51283662455191 0.0 0.0 95.50995644579721
7.407407407407407 30.114615099096252 75.99476619640875 0.0 0.0 106.10938129550475
7.4274274274274275 32.304918458039104 85.03529118440959 0.0 0.0 117.34020964244866
7.4474474474474475 34.575457368818256 94.5434979552441 0.0 0.0 129.11895532406228
7.4674674674674675 36.92382223026419 104.38378610139108 0.0 0.0 141.30760833165525
7.4874874874874875 39.33351872424601 114.37209252692132 0.0 0.0 153.7056112511671
7.5075075075075075 41.770742381131925 124.27577499362144 0.0 0.0 166.04651737475365
7.5275275275275275 44.18278298731298 133.81810948977284 0.0 0.0 178.00089247708564
7.5475475475475475 46.498517025512925 142.68794438250683 0.0 0.0 189.1864614080197
7.5675675675675675 48.631213072278406 150.55447652257251 0.0 0.0 199.18568959485137
7.587587587587588 50.48358558991257 157.08643611312897 0.0 0.0 207.57002170304105
7.607607607607608 51.95472617361124 161.9742834148039 0.0 0.0 213.92900958841565
7.627627627627628 52.94826341070395 164.9534416665761 0.0 0.0 217.9017050772803
7.647647647647648 53.38089716267291 165.82622328518 0.0 0.0 219.20712044785336
7.667667667667668 53.19035542628626 164.48003177087756 0.0 0.0 217.67038719716447
7.687687687687688 52.341851561283505 160.89967805728696 0.0 0.0 213.24152961856984
7.707707707707708 50.83227649875811 155.17222166410508 0.0 0.0 206.00449816286277
7.727727727727728 48.69162406750372 147.4835636902676 0.0 0.0 196.17518775777157
7.747747747747748 45.981479898776556 138.1069657682026 0.0 0.0 184.088445666979
7.767767767767768 42.79075650212241 127.38460703092231 0.0 0.0 170.17536353304428
7.787787787787788 39.22917738793698 115.7040803704714 0.0 0.0 154.9332577584083
7.807807807807808 35.41925612432622 103.47225536646837 0.0 0.0 138.89151149079453
7.827827827827828 31.4876503784464 91.08912900341956 0.0 0.0 122.57677938186582
7.847847847847848 27.55678339361375 78.92413350902183 0.0 0.0 106.48091690263564
7.867867867867868 23.737522916126757 67.29691596107305 0.0 0.0 91.0344388771997
7.887887887887888 20.123514525659502 56.46393429632751 0.0 0.0 76.58744882198725
7.907907907907908 16.787518627434626 46.61144294815071 0.0 0.0 63.39896157558532
7.927927927927928 13.779838608956824 37.85468691421337 0.0 0.0 51.63452552317016
7.947947947947948 11.128689730525858 30.242487840695578 0.0 0.0 41.37117757122133
7.967967967967968 8.842173444671102 23.765960533037756 0.0 0.0 32.60813397770888
7.987987987987988 6.911406996448153 18.369875029135407 0.0 0.0 25.281282025583565
8.008008008008009 5.3143171395184226 13.965171481496 0.0 0.0 19.279488621014394
8.028028028028029 4.0196318029151845 10.44130508365027 0.0 0.0 14.460936886565479
8.048048048048049 2.990678493577429 7.677389302929862 0.0 0.0 10.668067796507316
8.068068068068069 2.1887029678975907 5.551454493584056 0.0 0.0 7.740157461481627
8.088088088088089 1.5755360675814605 3.947487373786634 0.0 0.0 5.523023441368083
8.108108108108109 1.1155435754412142 2.760219895123529 0.0 0.0 3.8757634705647463
8.128128128128129 0.7768815961192721 1.8978660082875598 0.0 0.0 2.674747604406832
8.148148148148149 0.5321421112863015 1.2831513941223895 0.0 0.0 1.8152935054086967
8.168168168168169 0.35850901162087906 0.8530485349295619 0.0 0.0 1.211557546550442
8.188188188188189 0.2375570413304061 0.5576316229432324 0.0 0.0 0.7951886642736357
8.208208208208209 0.15482007354169808 0.3584217770465116 0.0 0.0 0.5132418505882099
8.228228228228229 0.09923721997983509 0.22652250480094124 0.0 0.0 0.32575972478077475
8.248248248248249 0.06256139892188636 0.14076540276691793 0.0 0.0 0.20332680168880382
8.268268268268269 0.038789973773563045 0.08600954488913162 0.0 0.0 0.12479951866269451
8.288288288288289 0.02365430991348232 0.05167290734006505 0.0 0.0 0.07532721725354749
8.308308308308309 0.014186502364488976 0.030524237456043556 0.0 0.0 0.044710739820532426
8.328328328328329 0.008367796306338288 0.01772937433506662 0.0 0.0 0.026097170641404977
8.348348348348349 0.00485416446213941 0.01012537132694802 0.0 0.0 0.014979535789087452
8.368368368368369 0.002769396160948933 0.005685955057382794 0.0 0.0 0.008455351218331705
8.388388388388389 0.0015539411561111911 0.003139716809622422 0.0 0.0 0.004693657965733601
8.408408408408409 0.00085768067491143 0.001705093662967986 0.0 0.0 0.0025627743378794456
8.428428428428429 0.00046594266205253314 0.0009113582003831329 0.0 0.0 0.0013773008624356695
8.448448448448449 0.0002498033870085667 0.00048085420263410596 0.0 0.0 0.0007306575896426703
8.468468468468469 0.00013358847707296687 0.0002535559187654023 0.0 0.0 0.0003871443958383665
8.488488488488489 7.424286169447708e-05 0.00014014327074911265 0.0 0.0 0.00021438613244358903
8.508508508508509 4.875727770423727e-05 9.3979957498352e-05 0.0 0.0 0.00014273723520258946
8.528528528528529 4.709162626790585e-05 9.568992599591537e-05 0.0 0.0 0.00014278155226382143
8.548548548548549 6.90581442357849e-05 0.00014661767469477123 0.0 0.0 0.00021567581893055718
8.568568568568569 0.00012449385679679046 0.00026956670520070014 0.0 0.0 0.00039406056199749
8.588588588588589 0.00023685861559761696 0.0005171088952935974 0.0 0.0 0.0007539675108912114
8.608608608608609 0.0004512527139372716 0.000989732736694638 0.0 0.0 0.001440985450631921
8.62862862862863 0.0008488759525369077 0.0018684459896219055 0.0 0.0 0.002717321942158824
8.64864864864865 0.0015712704655366967 0.0034694633434115122 0.0 0.0 0.0050407338089481935
8.66866866866867 0.0028594170052833323 0.006332564087289864 0.0 0.0 0.009191981092573236
8.68868868868869 0.005114974424341659 0.01135980108741723 0.0 0.0 0.01647477551175883
8.70870870870871 0.008993687327775666 0.02002753355784188 0.0 0.0 0.029021220885617524
8.72872872872873 0.015544146438765049 0.034702027028646484 0.0 0.0 0.05024617346741157
8.74874874874875 0.026408401447930295 0.05909647754053572 0.0 0.0 0.08550487898846565
8.76876876876877 0.04410387951149358 0.0989140441843159 0.0 0.0 0.14301792369580854
8.78878878878879 0.07240782594252075 0.16272534398050473 0.0 0.0 0.23513316992302521
8.80880880880881 0.11686489021803614 0.26312709629410314 0.0 0.0 0.3799919865121387
8.82882882882883 0.18543406365764442 0.41821770724754725 0.0 0.0 0.6036517709051894
8.84884884884885 0.2892813100990961 0.6534016968135837 0.0 0.0 0.9426830069126825
8.86886886886887 0.44370740768137773 1.0034944337654135 0.0 0.0 1.4472018414467924
8.88888888888889 0.6691757583747142 1.5150394192736545 0.0 0.0 2.184215177648365
8.90890890890891 0.9923723022244044 2.2486727365623573 0.0 0.0 3.241045038786748
8.92892892892893 1.4471909061854151 3.2812776750371717 0.0 0.0 4.728468581222593
8.94894894894895 2.075496506021817 4.707576553802049 0.0 0.0 6.783073059823849
8.96896896896897 2.927481018128497 6.640721725631175 0.0 0.0 9.568202743759697
8.98898898898899 4.061401858073701 9.211394015162439 0.0 0.0 13.272795873236142
9.00900900900901 5.542489313482397 12.564917696525432 0.0 0.0 18.107407010007854
9.02902902902903 7.440836282669498 16.855978835629003 0.0 0.0 24.296815118298518
9.04904904904905 9.82814895269972 22.24070445501205 0.0 0.0 32.068853407711714
9.06906906906907 12.773342142567966 28.866127407109467 0.0 0.0 41.639469549677244
9.08908908908909 16.337103795223857 36.85741249269882 0.0 0.0 53.194516287922625
9.10910910910911 20.56571690922793 46.303619115570335 0.0 0.0 66.86933602479823
9.12912912912913 25.484593546105508 57.24317061147851 0.0 0.0 82.7277641575837
9.14914914914915 31.092117916463945 69.65052189049077 0.0 0.0 100.7426398069553
9.16916916916917 37.35448524411415 83.42569269123558 0.0 0.0 120.78017793534993
9.18918918918919 44.202234549457835 98.38830111229515 0.0 0.0 142.59053566175314
9.20920920920921 51.52909003213315 114.27745409426505 0.0 0.0 165.80654412639865
9.22922922922923 59.19354474270696 130.75832961773526 0.0 0.0 189.95187436044276
9.24924924924925 67.02335609884531 147.43556671799323 0.0 0.0 214.45892281683828
9.26926926926927 74.8228067005373 163.87275521239454 0.0 0.0 238.69556191293273
9.28928928928929 82.38225989476864 179.61651077045354 0.0 0.0 261.9987706652215
9.30930930930931 89.48925735664129 194.22296757354277 0.0 0.0 283.71222493018263
9.32932932932933 95.94021170099744 207.28414052846037 0.0 0.0 303.224352229458
9.34934934934935 101.5516739321163 218.45158124867996 0.0 0.0 320.0032551807984
9.36936936936937 106.17021620916051 227.45509573193783 0.0 0.0 333.62531194109795
9.38938938938939 109.68015416888292 234.1149572447316 0.0 0.0 343.7951114136159
9.40940940940941 112.00860718113098 238.34692381784856 0.0 0.0 350.35553099897896
9.42942942942943 113.12771127655417 240.16030314494705 0.0 0.0 353.2880144214993
9.44944944944945 113.05410452618638 239.65013524125922 0.0 0.0 352.7042397674447
9.46946946946947 111.84605059253434 236.98514516823644 0.0 0.0 348.83119576077104
9.48948948948949 109.59872073630058 232.3933675519955 0.0 0.0 341.99208828829575
9.50950950950951 106.43820691739714 226.1472451470916 0.0 0.0 332.585452064488
9.52952952952953 102.51480015547891 218.54961114635796 0.0 0.0 321.06441130183526
9.54954954954955 97.99596815403652 209.92139259535264 0.0 0.0 307.91736074938825
9.56956956956957 93.05934279763161 200.59126338390988 0.0 0.0 293.6506061815403
9.58958958958959 87.88591906676895 190.8869695493942 0.0 0.0 278.772888616163
9.60960960960961 82.65359948215993 181.12775170020385 0.0 0.0 263.7813511823636
9.62962962962963 77.53120320011404 171.6172468191084 0.0 0.0 249.14845001922285
9.64964964964965 72.67308896753634 162.63644715150744 0.0 0.0 235.30953611904366
9.66966966966967 68.21459384521147 154.43665256266007 0.0 0.0 222.65124640787158
9.68968968968969 64.26853422032244 147.2327629786592 0.0 0.0 211.50129719898237
9.70970970970971 60.92302198872158 141.19759863448454 0.0 0.0 202.12062062320538
9.72972972972973 58.240795720892514 136.4581067641265 0.0 0.0 194.69890248501935
9.74974974974975 56.260148046702206 133.09425537815693 0.0 0.0 189.35440342485873
9.76976976976977 54.9973577704773 131.14112381942005 0.0 0.0 186.13848158989688
9.78978978978979 54.45033538510276 130.59422622868004 0.0 0.0 185.0445616137824
9.80980980980981 54.60300094829698 131.41754085851875 0.0 0.0 186.0205418068157
9.82982982982983 55.42977344329012 133.55318075520591 0.0 0.0 188.9829541984964
9.84984984984985 56.899494593007596 136.93124367679312 0.0 0.0 193.83073826980078
9.86986986986987 58.97815830410694 141.47821120653362 0.0 0.0 200.45636951064074
9.88988988988989 61.629972301274016 147.12237769569577 0.0 0.0 208.75234999696926
9.90990990990991 64.81652470411233 153.79517778641667 0.0 0.0 218.61170249052932
9.92992992992993 68.49413194581976 161.42789612844498 0.0 0.0 229.92202807426415
9.94994994994995 72.60976043736274 169.94399327805942 0.0 0.0 242.553753715422
9.96996996996997 77.09619318561383 179.24805138603247 0.0 0.0 256.34424457164636
9.98998998998999 81.86730820773651 189.2130098999258 0.0 0.0 271.08031810766187
10.01001001001001 86.81441313363368 199.6678162668113 0.0 0.0 286.48222940044366
10.03003003003003 91.80452171851375 210.3877807351842 0.0 0.0 302.19230245369823
10.05005005005005 96.681264861496 221.08976077569207 0.0 0.0 317.77102563718677
10.07007007007007 101.26882290062004 231.43381935694057 0.0 0.0 332.70264225755864
10.09009009009009 105.37888628695505 241.03225785281913 0.0 0.0 346.41114413977516
10.11011011011011 108.82024876444406 249.46601206536903 0.0 0.0 358.28626082981066
10.13013013013013 111.41026595362297 256.307437202337 0.0 0.0 367.71770315596143
10.15015015015015 112.98712447817088 261.1476223984233 0.0 0.0 374.1347468765933
10.17017017017017 113.42170343157731 263.625687481915 0.0 0.0 377.0473909134937
10.19019019019019 112.62779527987462 263.45712020941625 0.0 0.0 376.0849154892883
10.21021021021021 110.56959114933838 260.4581699693163 0.0 0.0 371.0277611186537
10.23023023023023 107.2656088108453 254.56363698400742 0.0 0.0 361.8292457948506
10.25025025025025 102.78861497578023 245.83604873282252 0.0 0.0 348.6246637086037
10.27027027027027 97.26151786641587 234.46511741538652 0.0 0.0 331.726635281803
10.29029029029029 90.8496263903758 220.75740925975583 0.0 0.0 311.60703565013046
10.31031031031031 83.75003554703589 205.11719533979854 0.0 0.0 288.86723088683465
10.33033033033033 76.17916042009975 188.02036178248233 0.0 0.0 264.1995222025822
10.35035035035035 68.35957531692083 169.98392209560737 0.0 0.0 238.3434974125283
10.37037037037037 60.507311248528374 151.53401931499485 0.0 0.0 212.04133056352205
10.39039039039039 52.820634076299974 133.17530108884466 0.0 0.0 185.9959351651449
10.41041041041041 45.471093692754444 115.36421680483613 0.0 0.0 160.83531049759105
10.43043043043043 38.597339147821366 98.48818707915665 0.0 0.0 137.08552622697817
10.45045045045045 32.30187796650159 82.85182921847183 0.0 0.0 115.1537071849739
10.47047047047047 26.650660411394483 68.67059971846649 0.0 0.0 95.3212601298614
10.49049049049049 21.675124015251296 56.07144550038341 0.0 0.0 77.74656951563442
10.51051051051051 17.37616200561064 45.099429151603715 0.0 0.0 62.47559115721464
10.53053053053053 13.729390201054306 35.72886897459875 0.0 0.0 49.458259175653055
10.55055055055055 10.69107747101156 27.877335476707476 0.0 0.0 38.568412947719025
10.57057057057057 8.204162189755559 21.420861133326916 0.0 0.0 29.625023323082612
10.59059059059059 6.2038823943473815 16.208911572036854 0.0 0.0 22.41279396638429
10.61061061061061 4.622679291376245 12.077978426392955 0.0 0.0 16.7006577177692
10.63063063063063 3.394172051090983 8.863025868296871 0.0 0.0 12.257197919387822
10.65065065065065 2.4561297111858216 6.4063974297868995 0.0 0.0 8.8625271409727
10.67067067067067 1.7524717158561518 4.564122050847744 0.0 0.0 6.316593766703877
10.69069069069069 1.2344057707541312 3.209818850462038 0.0 0.0 4.444224621216173
10.71071071071071 0.860858858032909 2.236575590302158 0.0 0.0 3.097434448335076
10.73073073073073 0.598376841269351 1.557266859924138 0.0 0.0 2.1556437011934886
10.75075075075075 0.4206650270877042 1.1037955036924723 0.0 0.0 1.5244605307801757
10.77077077077077 0.30792245525965745 0.8257013560695995 0.0 0.0 1.133623811329254
10.79079079079079 0.2460927581267959 0.6885033411303637 0.0 0.0 0.9345960992571586
10.81081081081081 0.2261196705991003 0.6720415676821411 0.0 0.0 0.8981612382812448
10.83083083083083 0.24326009983953392 0.7689793828971802 0.0 0.0 1.0122394827367138
10.85085085085085 0.2964753236592265 0.9835221338389811 0.0 0.0 1.279997457498205
10.87087087087087 0.3878935998145948 1.3303173045775658 0.0 0.0 1.7182109043921603
10.89089089089089 0.5223166938475973 1.833425372659021 0.0 0.0 2.355742066506632
10.91091091091091 0.7067295293230776 2.525196773528654 0.0 0.0 3.2319263028517202
10.93093093093093 0.9497669614211584 3.4448620704344197 0.0 0.0 4.394629031855578
10.95095095095095 1.2610949057026106 4.636643867719351 0.0 0.0 5.897738773421982
10.97097097097097 1.6506746389262381 6.147233395728688 0.0 0.0 7.7979080346549345
10.99099099099099 2.1278983169125474 8.022543182069805 0.0 0.0 10.150441498982335
11.01101101101101 2.7006090413032275 10.303747358340573 0.0 0.0 13.004356399643758
11.03103103103103 3.3740475352001207 13.022745524657331 0.0 0.0 16.39679305985748
11.05105105105105 4.149796029820543 16.197321645908453 0.0 0.0 20.347117675728946
11.07107107107107 5.02481396108244 19.82639791581071 0.0 0.0 24.851211876893103
11.09109109109109 5.9906749810612165 23.885883262592632 0.0 0.0 29.876558243653832
11.11111111111111 7.033116629134025 28.32566536255446 0.0 0.0 35.35878199168856
11.13113113113113 8.132000210847975 33.06827575955244 0.0 0.0 41.200275970400455
11.15115115115115 9.26174856590214 38.009660179682825 0.0 0.0 47.2714087455849
11.17117117117117 10.392285611511307 43.0223121305652 0.0 0.0 53.414597742076545
11.19119119119119 11.490448528871562 47.9607922699948 0.0 0.0 59.45124079886627
11.21121121121121 12.521787961414164 52.66938599647292 0.0 0.0 65.19117395788685
11.23123123123123 13.452621404260467 56.99138326110782 0.0 0.0 70.4440046653682
11.25125125125125 14.25216763436651 60.779236941666476 0.0 0.0 75.03140457603313
11.27127127127127 14.894571537015338 63.90470491802389 0.0 0.0 78.79927645503936
11.29129129129129 15.360632334382178 66.26803183098914 0.0 0.0 81.62866416537112
11.31131131131131 15.639074032721105 67.80529002253309 0.0 0.0 83.44436405525425
11.33133133133133 15.727241588738977 68.49316885550378 0.0 0.0 84.22041044424266
11.35135135135135 15.631163852920045 68.35075493060656 0.0 0.0 83.98191878352677
11.37137137137137 15.364987125347183 67.43814803024554 0.0 0.0 82.80313515559294
11.391391391391391 14.9498431473191 65.85206833043787 0.0 0.0 80.80191147775697
11.411411411411411 14.41226544375324 63.71888987047992 0.0 0.0 78.13115531423323
11.431431431431431 13.782302921545652 61.18575102945508 0.0 0.0 74.96805395100087
11.451451451451451 13.091496790033926 58.41052421017464 0.0 0.0 71.5020210002084
11.471471471471471 12.370886062040952 55.551467391770856 0.0 0.0 67.92235345381172
11.491491491491491 11.649190259253405 52.75733646305989 0.0 0.0 64.40652672231322
11.511511511511511 10.951289297525472 50.158626801599915 0.0 0.0 61.10991609912538
11.531531531531531 10.29708458610373 47.860459372210194 0.0 0.0 58.15754395831397
11.551551551551551 9.700786984936364 45.93745614227866 0.0 0.0 55.638243127214935
11.571571571571571 9.17064071634655 44.4307841641082 0.0 0.0 53.60142488045478
11.591591591591591 8.709060861290293 43.34740290128678 0.0 0.0 52.056463762577
11.611611611611611 8.313137616238873 42.66143246158969 0.0 0.0 50.97457007782839
11.631631631631631 7.975443658657572 42.31747031320024 0.0 0.0 50.292913971857864
11.651651651651651 7.685071294964976 42.23561374326751 0.0 0.0 49.92068503823252
11.671671671671671 7.428822393237093 42.317885284656924 0.0 0.0 49.746707677894044
11.691691691691691 7.192475090557049 42.45570082851603 0.0 0.0 49.64817591907315
11.711711711711711 6.962055821582317 42.5379627036761 0.0 0.0 49.500018525258234
11.731731731731731 6.725052780242355 42.45930744726425 0.0 0.0 49.18436022750658
11.751751751751751 6.471517487884121 42.12800198511859 0.0 0.0 48.59951947300272
11.771771771771771 6.195014968564809 41.472978132953216 0.0 0.0 47.66799310151806
11.791791791791791 5.893400191250769 40.44953855168723 0.0 0.0 46.34293874293801
11.811811811811811 5.569418224636887 39.0433660757287 0.0 0.0 44.61278430036562
11.831831831831831 5.231146032764603 37.272620296594084 0.0 0.0 42.50376632935871
11.851851851851851 4.892311707596562 35.188094848784374 0.0 0.0 40.08040655638096
11.871871871871871 4.572537774413751 32.871608271445915 0.0 0.0 37.44414604585967
11.891891891891891 4.2975542449686275 30.43297518157485 0.0 0.0 34.73052942654349
11.911911911911911 4.0994103271484565 28.006016822016075 0.0 0.0 32.10542714916453
11.931931931931931 4.016679206906409 25.744092625856197 0.0 0.0 29.760771832762615
11.951951951951951 4.094599494407647 23.815554382749525 0.0 0.0 27.9101538771572
11.971971971971971 4.385035339192934 22.399349398036282 0.0 0.0 26.78438473722922
11.991991991991991 4.9460748010419175 21.680757814055596 0.0 0.0 26.62683261509757
12.012012012012011 5.841036432645724 21.846989626268762 0.0 0.0 27.688026058914463
12.032032032032031 7.136632842302735 23.082147813147582 0.0 0.0 30.21878065545032
12.052052052052051 8.900062386640291 25.560945472983196 0.0 0.0 34.461007859623365
12.072072072072071 11.194877459477562 29.44059644419629 0.0 0.0 40.63547390367389
12.092092092092091 14.075614246838118 34.850508280878174 0.0 0.0 48.92612252771628
12.112112112112111 17.581358238186795 41.87979061491756 0.0 0.0 59.4611488531045
12.132132132132131 21.728644119224594 50.563112312522264 0.0 0.0 72.2917564317469
12.152152152152151 26.504317960905095 60.86602430335283 0.0 0.0 87.37034226425801
12.172172172172171 31.85918474280991 72.67141130419449 0.0 0.0 104.53059604700498
12.192192192192191 37.703382296736955 85.76913152128061 0.0 0.0 123.47251381801783
12.212212212212211 43.904424597432936 99.85104145282742 0.0 0.0 143.75546605026022
12.232232232232231 50.2887162411374 114.51340344608481 0.0 0.0 164.8021196872219
12.252252252252251 56.64704961814889 129.2681049543828 0.0 0.0 185.91515457253246
12.272272272272271 62.74417616080349 143.5632110911902 0.0 0.0 206.30738725199427
12.292292292292291 68.33203935998232 156.8122233342561 0.0 0.0 225.14426269423834
12.312312312312311 73.16573851725184 168.4301824237549 0.0 0.0 241.59592094100654
12.332332332332332 77.02083939074537 177.8736243275834 0.0 0.0 254.89446371832904
12.352352352352352 79.71034050054867 184.68057057522336 0.0 0.0 264.39091107577235
12.372372372372372 81.09950459547726 188.5063716289565 0.0 0.0 269.60587622443404
12.392392392392392 81.11690604043999 189.1514208937279 0.0 0.0 270.26832693416833
12.412412412412412 79.76042019023443 186.57752384105902 0.0 0.0 266.3379440312934
12.432432432432432 77.09744357380745 180.9109507467476 0.0 0.0 258.0083943205545
12.452452452452452 73.259303975126 172.43174709170998 0.0 0.0 245.6910510668358
12.472472472472472 68.43049769226273 161.55049217976105 0.0 0.0 229.98098987202408
12.492492492492492 62.83397612135719 148.77514004042496 0.0 0.0 211.6091161617829
12.512512512512512 56.71411073912676 134.6716344107534 0.0 0.0 191.38574514988014
12.532532532532532 50.31914146030895 119.82251784059642 0.0 0.0 170.14165930090493
12.552552552552552 43.884844970168 104.78770262635769 0.0 0.0 148.6725475965254
12.572572572572572 37.620873800336845 90.07098429427636 0.0 0.0 127.69185809461344
12.592592592592592 31.700773076671048 76.09488522534768 0.0 0.0 107.79565830201861
12.612612612612612 26.25615899469506 63.185198530912814 0.0 0.0 89.44135752560805
12.632632632632632 21.375024079080763 51.565358722917196 0.0 0.0 72.94038280199793
12.652652652652652 17.103691324303405 41.35967472455681 0.0 0.0 58.46336604886008
12.672672672672672 13.45162291857148 32.60365321345448 0.0 0.0 46.05527613202606
12.692692692692692 10.398122879044989 25.2591837730986 0.0 0.0 35.657306652143596
12.712712712712712 7.8999533084457525 19.23225460645326 0.0 0.0 27.132207914898967
12.732732732732732 5.898986280209903 14.39106712500079 0.0 0.0 20.290053405210617
12.752752752752752 4.329199271046256 10.58283233454231 0.0 0.0 14.912031605588576
12.772772772772772 3.122548791033309 7.648060097565242 0.0 0.0 10.770608888598577
12.792792792792792 2.2134850382081326 5.431697919642289 0.0 0.0 7.64518295785041
12.812812812812812 1.5420696504340643 3.790962501580295 0.0 0.0 5.3330321520143515
12.832832832832834 1.0558102689776054 2.6000858938842804 0.0 0.0 3.6558961628618847
12.852852852852854 0.7104227059527369 1.7524479823014394 0.0 0.0 2.462870688254173
12.872872872872874 0.46977676523794687 1.1606916519128372 0.0 0.0 1.6304684171507773
12.892892892892894 0.3052845262593334 0.755436673158344 0.0 0.0 1.0607211994176768
12.912912912912914 0.19496270817807784 0.48315233354438936 0.0 0.0 0.6781150417224672
12.932932932932934 0.12235645087513976 0.30364797574702934 0.0 0.0 0.4260044266221704
12.952952952952954 0.07546159095137987 0.18752216479951617 0.0 0.0 0.2629837557508957
12.972972972972974 0.045734521220143 0.11379586732775232 0.0 0.0 0.1595303885478952
12.992992992992994 0.02723810394687542 0.06785594909245377 0.0 0.0 0.09509405303932915
13.013013013013014 0.015941154090658004 0.039758771002166404 0.0 0.0 0.055699925092824516
13.033033033033034 0.009167871645467611 0.022890628351801667 0.0 0.0 0.03205849999726923
13.053053053053054 0.005181064806171698 0.012949664160614651 0.0 0.0 0.018130728966786337
13.073073073073074 0.002877181430864304 0.007198329765929264 0.0 0.0 0.010075511196793585
13.093093093093094 0.0015700349262968937 0.003931641859934671 0.0 0.0 0.005501676786231591
13.113113113113114 0.0008418630786836128 0.0021099968109335194 0.0 0.0 0.002951859889617123
13.133133133133134 0.0004435678558207954 0.0011126333144929662 0.0 0.0 0.001556201170313763
13.153153153153154 0.00022964744354717938 0.0005764765181735748 0.0 0.0 0.0008061239617207542
13.173173173173174 0.00011682686474448454 0.00029347255069529755 0.0 0.0 0.0004102994154397823
13.193193193193194 5.839828815148649e-05 0.00014679347907323962 0.0 0.0 0.00020519176722472653
13.213213213213214 2.868340107524874e-05 7.214341002588699e-05 0.0 0.0 0.00010082681110113577
13.233233233233234 1.3843033408064399e-05 3.483649966017769e-05 0.0 0.0 4.8679533068242074e-05
13.253253253253254 6.564460644357841e-06 1.6527901342610306e-05 0.0 0.0 2.309236198696814e-05
13.273273273273274 3.058659738864803e-06 7.704487921900356e-06 0.0 0.0 1.0763147660765197e-05
13.293293293293294 1.4003122837349505e-06 3.528664056954654e-06 0.0 0.0 4.928976340689608e-06
13.313313313313314 6.299087262846738e-07 1.587870237279648e-06 0.0 0.0 2.2177789635643236e-06
13.333333333333334 2.784112774024148e-07 7.020299501148886e-07 0.0 0.0 9.804412275173047e-07
13.353353353353354 1.2090661584357607e-07 3.0495100619334087e-07 0.0 0.0 4.2585762203691505e-07
13.373373373373374 5.158993929013854e-08 1.3014762289739595e-07 0.0 0.0 1.8173756218753464e-07
13.393393393393394 2.162865085526682e-08 5.4572288704119794e-08 0.0 0.0 7.620093955938659e-08
13.413413413413414 8.909249967542064e-09 2.248205196399401e-08 0.0 0.0 3.139130193153608e-08
13.433433433433434 3.605770498746603e-09 9.099672107017137e-09 0.0 0.0 1.2705442605763756e-08
13.453453453453454 1.4338319152606135e-09 3.618593437227461e-09 0.0 0.0 5.052425352488089e-09
13.473473473473474 5.601956199056977e-10 1.413762285594882e-09 0.0 0.0 1.9739579055005846e-09
13.493493493493494 2.1504068365962158e-10 5.426676232630314e-10 0.0 0.0 7.577083069226529e-10
13.513513513513514 8.110343304629026e-11 2.046495419484339e-10 0.0 0.0 2.8575297499472387e-10
13.533533533533534 3.0053414446415536e-11 7.582378771861939e-11 0.0 0.0 1.058772021650349e-10
13.553553553553554 1.0941648022253129e-11 2.7600474668838604e-11 0.0 0.0 3.8542122691091767e-11
13.573573573573574 3.913852195607137e-12 9.870578406551618e-12 0.0 0.0 1.378443060215875e-11
13.593593593593594 1.3754897173818312e-12 3.4680254993073016e-12 0.0 0.0 4.843515216689135e-12
13.613613613613614 4.749414419495292e-13 1.1971106423767486e-12 0.0 0.0 1.6720520843262792e-12
13.633633633633634 1.6112063936372538e-13 4.059732168325799e-13 0.0 0.0 5.670938561963045e-13
13.653653653653654 5.3701860702209717e-14 1.3526030234453726e-13 0.0 0.0 1.8896216304674737e-13
13.673673673673674 1.7585440275793047e-14 4.427433528287944e-14 0.0 0.0 6.185977555867236e-14
13.693693693693694 5.6577230157765076e-15 1.4237750601452478e-14 0.0 0.0 1.9895473617228997e-14
13.713713713713714 1.788354393668937e-15 4.498187733734516e-15 0.0 0.0 6.286542127403481e-15
13.733733733733734 5.553790370827613e-16 1.3961857865155159e-15 0.0 0.0 1.95156482359828e-15
13.753753753753754 1.6946045891177625e-16 4.257950577839855e-16 0.0 0.0 5.952555166957602e-16
13.773773773773774 5.083123258417079e-17 1.27740459995216e-16 0.0 0.0 1.7857169257938653e-16
13.793793793793794 1.5088988131340423e-17 3.8238160730756947e-17 0.0 0.0 5.3327148862097305e-17
13.813813813813814 4.778969199596006e-18 1.3285487013577987e-17 0.0 0.0 1.806445621317407e-17
13.833833833833834 2.7684407947645515e-18 1.1374374885351612e-17 0.0 0.0 1.414281568011614e-17
13.853853853853854 5.5005828869827304e-18 2.863109447471361e-17 0.0 0.0 3.413167736169635e-17
13.873873873873874 1.7080296013413808e-17 9.160945870215014e-17 0.0 0.0 1.0868975471556393e-16
13.893893893893894 5.4986993551770964e-17 2.954027527249575e-16 0.0 0.0 3.5038974627672844e-16
13.913913913913914 1.747082254962599e-16 9.377692511959666e-16 0.0 0.0 1.1124774766922269e-15
13.933933933933934 5.455133175385275e-16 2.924977325020557e-15 0.0 0.0 3.4704906425590833e-15
13.953953953953954 1.6733303776960529e-15 8.962355688125462e-15 0.0 0.0 1.0635686065821514e-14
13.973973973973974 5.042314105256555e-15 2.6976714873614203e-14 0.0 0.0 3.2019028978870755e-14
13.993993993993994 1.4926203685885203e-14 7.97669018252744e-14 0.0 0.0 9.469310551115948e-14
14.014014014014014 4.340507936145941e-14 2.316984843085253e-13 0.0 0.0 2.751035636699846e-13
14.034034034034034 1.2399497460371082e-13 6.611356041710172e-13 0.0 0.0 7.851305787747281e-13
14.054054054054054 3.479690862940571e-13 1.853211034765837e-12 0.0 0.0 2.201180121059895e-12
14.074074074074074 9.592926215710481e-13 5.103008557053647e-12 0.0 0.0 6.062301178624689e-12
14.094094094094094 2.5979831965463215e-12 1.3803681474566961e-11 0.0 0.0 1.6401664671113267e-11
14.114114114114114 6.911899704660451e-12 3.668013468616775e-11 0.0 0.0 4.359203439082817e-11
14.134134134134134 1.8064901237445945e-11 9.574904347070899e-11 0.0 0.0 1.1381394470815489e-10
14.154154154154154 4.6382293991310744e-11 2.455306392056084e-10 0.0 0.0 2.91912933196919e-10
14.174174174174174 1.169900493821822e-10 6.185074055541513e-10 0.0 0.0 7.354974549363333e-10
14.194194194194194 2.8988618858787407e-10 1.5305669897839965e-09 0.0 0.0 1.8204531783718703e-09
14.214214214214214 7.056512684734073e-10 3.7207314594139774e-09 0.0 0.0 4.426382727887383e-09
14.234234234234235 1.68748198282305e-09 8.885323117159137e-09 0.0 0.0 1.0572805099982185e-08
14.254254254254255 3.964398925379006e-09 2.084430768168014e-08 0.0 0.0 2.480870660705915e-08
14.274274274274275 9.149722581389307e-09 4.80365252922492e-08 0.0 0.0 5.718624787363851e-08
14.294294294294295 2.074600775112907e-08 1.0874922149627286e-07 0.0 0.0 1.2949522924740196e-07
14.314314314314315 4.621270483382043e-08 2.418532324195889e-07 0.0 0.0 2.880659372534091e-07
14.334334334334335 1.0113310250592192e-07 5.283839744463591e-07 0.0 0.0 6.295170769522809e-07
14.354354354354355 2.1743824830824354e-07 1.1340190833507938e-06 0.0 0.0 1.3514573316590361e-06
14.374374374374375 4.592991540050659e-07 2.3909210422821714e-06 0.0 0.0 2.850220196287237e-06
14.394394394394395 9.531908178328885e-07 4.952056866858727e-06 0.0 0.0 5.905247684691614e-06
14.414414414414415 1.9435561468765544e-06 1.0075883869540249e-05 0.0 0.0 1.2019440016416803e-05
14.434434434434435 3.893652723058164e-06 2.014001300084537e-05 0.0 0.0 2.403366572390355e-05
14.454454454454455 7.664283736736937e-06 3.9547376685606155e-05 0.0 0.0 4.721166042234311e-05
14.474474474474475 1.482358593971943e-05 7.62886020205265e-05 0.0 0.0 9.111218796024595e-05
14.494494494494495 2.81719844215471e-05 0.00014457356193150892 0.0 0.0 0.00017274554635305614
14.514514514514515 5.261160111656735e-05 0.00026915915924432735 0.0 0.0 0.00032177076036089445
14.534534534534535 9.655297401887828e-05 0.0004922945534486217 0.0 0.0 0.0005888475274674995
14.554554554554555 0.00017413781592044028 0.0008845896889797727 0.0 0.0 0.0010587275049002147
14.574574574574575 0.000308667317149842 0.0015615867111052947 0.0 0.0 0.0018702540282551365
14.594594594594595 0.0005377609226615242 0.0027083536439696707 0.0 0.0 0.0032461145666311934
14.614614614614615 0.0009209255229848196 0.004614969048988934 0.0 0.0 0.005535894571973749
14.634634634634635 0.00155037761871961 0.007726223183693256 0.0 0.0 0.009276600802412858
14.654654654654655 0.002566110674457799 0.01270906901290994 0.0 0.0 0.015275179687367739
14.674674674674675 0.004176306877639345 0.020541104475116537 0.0 0.0 0.02471741135275588
14.694694694694695 0.006684219670159357 0.03262240570144086 0.0 0.0 0.039306625371600235
14.714714714714715 0.010522560673464815 0.05091110723211584 0.0 0.0 0.061433667905580636
14.734734734734735 0.016296177160840312 0.07808004794642638 0.0 0.0 0.09437622510726665
14.754754754754755 0.024833385527953996 0.11768752595382471 0.0 0.0 0.14252091148177884
14.774774774774775 0.03724574229776207 0.17434993535533702 0.0 0.0 0.211595677653099
14.794794794794795 0.054995335672316924 0.25389833618992874 0.0 0.0 0.30889367186224553
14.814814814814815 0.07996795795652663 0.36349577255150384 0.0 0.0 0.4434637305080306
14.834834834834835 0.1145498962355363 0.5116887063176294 0.0 0.0 0.6262386025531657
14.854854854854855 0.16170568937902385 0.7083658059309021 0.0 0.0 0.870071495309926
14.874874874874875 0.22505414906781507 0.9646020066957156 0.0 0.0 1.1896561557635317
14.894894894894895 0.3089402594867253 1.2923762883996688 0.0 0.0 1.601316547886393
14.914914914914915 0.41850115964622725 1.7041681489513245 0.0 0.0 2.122669308597551
14.934934934934935 0.5597250277546756 2.2124591222069543 0.0 0.0 2.7721841499616278
14.954954954954955 0.7395019399618243 2.829189157725435 0.0 0.0 3.5686910976872572
14.974974974974975 0.9656651943695405 3.565239003519374 0.0 0.0 4.53090419788892
14.994994994994995 1.247019733418811 4.430023629503319 0.0 0.0 5.6770433629221255
15.015015015015015 1.5933509036365439 5.431282799063891 0.0 0.0 7.02463370270044
15.035035035035035 2.01540194321935 6.575138876613314 0.0 0.0 8.590540819832675
15.055055055055055 2.5248028306423516 7.866457101652893 0.0 0.0 10.39125993229524
15.075075075075075 3.133927505708203 9.30949179712542 0.0 0.0 12.443419302833606
15.095095095095095 3.8556524436900337 10.908739518465701 0.0 0.0 14.76439196215574
15.115115115115115 4.7029887718608006 12.669857185700007 0.0 0.0 17.37284595756081
15.135135135135135 5.688564086543556 14.6004526494847 0.0 0.0 20.289016736028255
15.155155155155155 6.82393989194509 16.710530234097178 0.0 0.0 23.534470126042255
15.175175175175175 8.1187663726928 19.01238549486116 0.0 0.0 27.131151867553946
15.195195195195195 9.57979727282049 21.519797399961767 0.0 0.0 31.099594672782313
15.215215215215215 11.209812220420407 24.246460615494495 0.0 0.0 35.45627283591485
15.235235235235235 13.006519295284864 27.203725325426856 0.0 0.0 40.2102446207118
15.255255255255255 14.961533808336403 30.397849071569386 0.0 0.0 45.35938287990575
15.275275275275275 17.059546742587003 33.82709106185429 0.0 0.0 50.88663780444135
15.295295295295295 19.277804790397994 37.479069245145034 0.0 0.0 56.75687403554308
15.315315315315315 21.586020485436364 41.3288321102377 0.0 0.0 62.91485259567413
15.335335335335335 23.946813289510356 45.3380560738521 0.0 0.0 69.2848693633625
15.355355355355355 26.31674933510216 49.455662128872035 0.0 0.0 75.77241146397412
15.375375375375375 28.647998915637345 53.61996206049158 0.0 0.0 82.26796097612875
15.395395395395395 30.890568763943772 57.762218115003996 0.0 0.0 88.65278687894792
15.415415415415415 32.99499515438128 61.81126433653566 0.0 0.0 94.80625949091726
15.435435435435435 34.915311205507784 65.69863268231957 0.0 0.0 100.61394388782787
15.455455455455455 36.61203737745646 69.3634919036387 0.0 0.0 105.97552928109535
15.475475475475475 38.05489967690339 72.75667387586836 0.0 0.0 110.81157355277173
15.495495495495495 39.22496705713862 75.84314805183077 0.0 0.0 115.06811510896964
15.515515515515515 40.115926999001154 78.60250805414441 0.0 0.0 118.71843505314564
15.535535535535535 40.73429026265872 81.027331682821 0.0 0.0 121.76162194547965
15.555555555555555 41.0984290940444 83.11962368121277 0.0 0.0 124.21805277525728
15.575575575575575 41.2364964024713 84.88589259969622 0.0 0.0 126.12238900216776
15.595595595595595 41.18342785349861 86.3316877825242 0.0 0.0 127.51511563602295
15.615615615615615 40.97737083827045 87.45657563884754 0.0 0.0 128.43394647711784
15.635635635635635 40.65598938309639 88.2505298172963 0.0 0.0 128.90651920039247
15.655655655655655 40.253141457372664 88.69253807751028 0.0 0.0 128.94567953488286
15.675675675675675 39.796401982212075 88.75191003764449 0.0 0.0 128.54831201985706
15.695695695695695 39.30580914348812 88.39235274963441 0.0 0.0 127.69816189312289
15.715715715715715 38.79405311331016 87.5784327940279 0.0 0.0 126.37248590733816
15.735735735735735 38.2681251528471 86.28363872564158 0.0 0.0 124.55176387848864
15.755755755755755 37.732228738745796 84.49896337742834 0.0 0.0 122.2311921161741
15.775775775775776 37.19155322405595 82.24078899516408 0.0 0.0 119.43234221922005
15.795795795795796 36.65635344908996 79.55689857701451 0.0 0.0 116.21325202610429
15.815815815815816 36.14568897889367 76.52964305223878 0.0 0.0 112.67533203113236
15.835835835835836 35.69016922418582 73.2756289261646 0.0 0.0 108.96579815035047
15.855855855855856 35.33313065534496 69.94170067030691 0.0 0.0 105.27483132565177
15.875875875875876 35.1298344185959 66.69741693144742 0.0 0.0 101.8272513500433
15.895895895895896 35.144501948976696 63.72460559031509 0.0 0.0 98.86910753929166
15.915915915915916 35.44527916372673 61.20488930101292 0.0 0.0 96.6501684647396
15.935935935935936 36.09750629112738 59.306276790045104 0.0 0.0 95.4037830811726
15.955955955955956 37.15593579724738 58.17000819464461 0.0 0.0 95.32594399189144
15.975975975975976 38.65674953563505 57.89882907085965 0.0 0.0 96.5555786064943
15.995995995995996 40.610345377507606 58.54775775121119 0.0 0.0 99.15810312871875
16.016016016016017 42.995867973463106 60.11821683029305 0.0 0.0 103.114084803756
16.036036036036037 45.758335102315435 62.55613415728809 0.0 0.0 108.31446925960319
16.056056056056057 48.80896378251224 65.75429527275517 0.0 0.0 114.56325905526721
16.076076076076077 52.02895095362692 69.55886507369728 0.0 0.0 121.58781602732444
16.096096096096097 55.2765518849149 73.77961599911693 0.0 0.0 129.0561678840316
16.116116116116117 58.39687909993214 78.20303617446383 0.0 0.0 136.5999152743957
16.136136136136138 61.23347558508597 82.6071838316687 0.0 0.0 143.84065941675473
16.156156156156158 63.64045542648833 86.77694617918291 0.0 0.0 150.4174016056717
16.176176176176178 65.49389673156129 90.51828847674852 0.0 0.0 156.0121852083099
16.196196196196198 66.70123792961424 93.67016507808697 0.0 0.0 160.37140300770113
16.216216216216218 67.20766454444116 96.11301022645642 0.0 0.0 163.32067477089765
16.236236236236238 66.99884716409244 97.77310939631104 0.0 0.0 164.77195656040342
16.256256256256258 66.09984788202908 98.62262574242718 0.0 0.0 164.7224736244565
16.276276276276278 64.57048383917206 98.67555771758398 0.0 0.0 163.246041556756
16.296296296296298 62.49785298870731 97.98036352398485 0.0 0.0 160.47821651269263
16.316316316316318 59.98702969098954 96.61034142591133 0.0 0.0 156.59737111690075
16.336336336336338 57.151087493958855 94.65305405920326 0.0 0.0 151.8041415531623
16.356356356356358 54.10159091899688 92.20010602547266 0.0 0.0 146.30169694446923
16.376376376376378 50.94053157619757 89.33843128938899 0.0 0.0 140.27896286558666
16.396396396396398 47.75440342443184 86.14395041292956 0.0 0.0 133.89835383736155
16.416416416416418 44.61076904178032 82.67806788359852 0.0 0.0 127.28883692537885
16.436436436436438 41.55731966175814 78.98705837753974 0.0 0.0 120.54437803929788
16.456456456456458 38.62312767115075 75.104000382234 0.0 0.0 113.72712805338496
16.476476476476478 35.82156954509496 71.05261008796451 0.0 0.0 106.8741796330591
16.496496496496498 33.154280456854124 66.8521452959799 0.0 0.0 100.00642575283378
16.516516516516518 30.61549089273004 62.52250461978401 0.0 0.0 93.1379955125141
16.536536536536538 28.196175739638992 58.088735544522535 0.0 0.0 86.28491128416155
16.556556556556558 25.88759070580634 53.58436008849988 0.0 0.0 79.47195079430605
16.576576576576578 23.683946771125044 49.053188337755294 0.0 0.0 72.73713510888045
16.596596596596598 21.58414793314476 44.54957005970257 0.0 0.0 66.13371799284747
16.616616616616618 19.592663453298666 40.137285687876776 0.0 0.0 59.72994914117556
16.636636636636638 17.71970472594014 35.88746120061222 0.0 0.0 53.60716592655238
16.656656656656658 15.980921033705874 31.87598188362766 0.0 0.0 47.85690291733352
16.676676676676678 14.396820406261854 28.180870092008902 0.0 0.0 42.57769049827088
16.696696696696698 12.992072606606632 24.879991878542604 0.0 0.0 37.872064485149195
16.716716716716718 11.794777473159911 22.04929159817644 0.0 0.0 33.84406907133635
16.736736736736738 10.835702125305803 19.76155724026278 0.0 0.0 30.59725936556854
16.756756756756758 10.14742251266148 18.08553114438719 0.0 0.0 28.232953657048736
16.776776776776778 9.763262429478308 17.085037484968925 0.0 0.0 26.84829991444723
16.796796796796798 9.715915033596358 16.81772822112245 0.0 0.0 26.53364325471879
16.816816816816818 10.035660528815015 17.333069929359485 0.0 0.0 27.36873045817452
16.836836836836838 10.748155236417388 18.669307547471114 0.0 0.0 29.41746278388855
16.856856856856858 11.871852547764854 20.849335055834327 0.0 0.0 32.72118760359927
16.876876876876878 13.415211705389222 23.875651135831326 0.0 0.0 37.290862841220644
16.896896896896898 15.37393992387847 27.724842432931975 0.0 0.0 43.098782356810425
16.916916916916918 17.728580463635925 32.342274114228296 0.0 0.0 50.07085457786416
16.936936936936938 20.442789217970912 37.63783203418729 0.0 0.0 58.08062125215829
16.956956956956958 23.46262479973903 43.483614147564374 0.0 0.0 66.94623894730334
16.976976976976978 26.717108160267188 49.714385127420925 0.0 0.0 76.43149328768804
16.996996996996998 30.120191566821585 56.131381084452386 0.0 0.0 86.2515726512738
17.017017017017018 33.574125723788 62.50969767578227 0.0 0.0 96.0838233995704
17.037037037037038 36.974047480564245 68.60905506230796 0.0 0.0 105.58310254287203
17.057057057057058 40.21345287300608 74.18726683062356 0.0 0.0 114.40071970362986
17.077077077077078 43.19009565830359 79.01531778930865 0.0 0.0 122.20541344761244
17.097097097097098 45.81178059535462 82.89264741819582 0.0 0.0 128.7044280135502
17.117117117117118 48.00151616328431 85.6610981131544 0.0 0.0 133.66261427643857
17.137137137137138 49.70155528871689 87.21605181169873 0.0 0.0 136.9176071004154
17.157157157157158 50.875975815441954 87.51354461695041 0.0 0.0 138.38952043239257
17.177177177177178 51.51161610956569 86.57258280898834 0.0 0.0 138.08419891855453
17.197197197197198 51.61736050191076 84.47242319605506 0.0 0.0 136.0897836979656
17.217217217217218 51.22193808857675 81.3451469765828 0.0 0.0 132.5670850651593
17.237237237237238 50.37053418025283 77.36436712947551 0.0 0.0 127.73490130972826
17.25725725725726 49.12060129735913 72.73129452802404 0.0 0.0 121.85189582538334
17.27727727727728 47.53729041211808 67.65960073532425 0.0 0.0 115.19689114744226
17.2972972972973 45.6889068159992 62.36053920862682 0.0 0.0 108.04944602462571
17.31731731731732 43.642739405468255 57.02963533479012 0.0 0.0 100.67237474025829
17.33733733733734 41.461531995080556 51.83596820794833 0.0 0.0 93.2975002030287
17.35735735735736 39.20077528108706 46.914697490132035 0.0 0.0 86.11547277121929
17.37737737737738 36.90691023370565 42.36309521277236 0.0 0.0 79.27000544647782
17.3973973973974 34.616455459653146 38.23997685375125 0.0 0.0 72.8564323134043
17.41741741741742 32.35600540519753 34.56812680615371 0.0 0.0 66.9241322113512
17.43743743743744 30.142992895034986 31.339102033707505 0.0 0.0 61.482094928742455
17.45745745745746 27.987066901537727 28.519679795356236 0.0 0.0 56.506746696894
17.47747747747748 25.89190371782015 26.05918376906438 0.0 0.0 51.95108748688457
17.4974974974975 23.857247723109154 23.89696294689667 0.0 0.0 47.754210670005854
17.51751751751752 21.88096930420655 21.96939148103594 0.0 0.0 43.85036078524248
17.53753753753754 19.9609355949057 20.21588773757843 0.0 0.0 40.17682333248406
17.55755755755756 18.09651696823711 18.583601713092037 0.0 0.0 36.68011868132921
17.57757757757758 16.28959856889862 17.03057853293458 0.0 0.0 33.32017710183317
17.5975975975976 14.545027953003965 15.52736052775562 0.0 0.0 30.072388480759546
17.61761761761762 12.870499918917808 14.057130945726595 0.0 0.0 26.927630864644385
17.63763763763764 11.275948242925786 12.614619102522068 0.0 0.0 23.890567345447867
17.65765765765766 9.772571124829085 11.20407144587032 0.0 0.0 20.976642570699422
17.67767767767768 8.371654194074502 9.836639785122475 0.0 0.0 18.208293979196995
17.6976976976977 7.083366906281408 8.527544603753947 0.0 0.0 15.610911510035368
17.71771771771772 5.915694563475851 7.293340183683927 0.0 0.0 13.209034747159757
17.73773773773774 4.873632989567021 6.149545986972712 0.0 0.0 11.02317897653973
17.75775775775776 3.95872351139967 5.108825779921546 0.0 0.0 9.067549291321212
17.77777777777778 3.168951513636589 4.179804787300702 0.0 0.0 7.348756300937294
17.7977977977978 2.498981464071444 3.3665281576544883 0.0 0.0 5.8655096217259235
17.81781781781782 1.9406621154874912 2.668491648612799 0.0 0.0 4.609153764100284
17.83783783783784 1.4837118303302401 2.0811246930786447 0.0 0.0 3.5648365234088826
17.85785785785786 1.116486640409263 1.5965797194437426 0.0 0.0 2.713066359853009
17.87787787787788 0.8267408555945027 1.20467859672265 0.0 0.0 2.031419452317151
17.8978978978979 0.6023078684358789 0.8938830172962351 0.0 0.0 1.496190885732116
17.91791791791792 0.43165244016774423 0.6521842811931234 0.0 0.0 1.0838367213608684
17.93793793793794 0.3042704942082115 0.4678425558998024 0.0 0.0 0.7721130501080139
17.95795795795796 0.210934493763 0.3299401805063084 0.0 0.0 0.5408746742693085
17.97797797797798 0.1437993922298968 0.22874338029924385 0.0 0.0 0.3725427725291402
17.997997997998 0.09639489089353115 0.15588913280689215 0.0 0.0 0.2522840237004237
18.01801801801802 0.06353450661360081 0.10442796434425143 0.0 0.0 0.16796247095785224
18.03803803803804 0.041171779622804355 0.06875970656751963 0.0 0.0 0.10993148619032393
18.05805805805806 0.026230307723199182 0.04449921612485918 0.0 0.0 0.07072952384805838
18.07807807807808 0.016428711939937453 0.028304707870027396 0.0 0.0 0.04473341980996485
18.0980980980981 0.01011545225821563 0.017694624717874637 0.0 0.0 0.027810076976090274
18.11811811811812 0.006122605204368192 0.010871515191137668 0.0 0.0 0.016994120395505866
18.13813813813814 0.0036428871720648034 0.006564408155523704 0.0 0.0 0.010207295327588498
18.15815815815816 0.0021306130366927985 0.0038953767286923715 0.0 0.0 0.006025989765385168
18.17817817817818 0.001224912258418905 0.0022716639218175556 0.0 0.0 0.003496576180236457
18.1981981981982 0.0006922135608829689 0.0013018842200209393 0.0 0.0 0.0019940977809039086
18.21821821821822 0.0003845067495268067 0.0007332089529696982 0.0 0.0 0.0011177157024965046
18.23823823823824 0.0002099381050911322 0.00040579261900660317 0.0 0.0 0.0006157307240977343
18.25825825825826 0.00011266713649906009 0.00022069665495832495 0.0 0.0 0.0003333637914573849
18.27827827827828 5.94316215493927e-05 0.00011794977776238305 0.0 0.0 0.00017738139931177576
18.2982982982983 3.081401074024575e-05 6.194454751152771e-05 0.0 0.0 9.275855825177339e-05
18.31831831831832 1.5703101484636153e-05 3.196749976097491e-05 0.0 0.0 4.7670601245611006e-05
18.33833833833834 7.865486890420522e-06 1.6210974981663406e-05 0.0 0.0 2.4076461872083932e-05
18.35835835835836 3.872266875025152e-06 8.07792681548266e-06 0.0 0.0 1.1950193690507812e-05
18.37837837837838 1.873704284746965e-06 3.955274289025852e-06 0.0 0.0 5.828978573772818e-06
18.3983983983984 8.911063935893882e-07 1.902983231436833e-06 0.0 0.0 2.794089625026222e-06
18.41841841841842 4.1653112531432587e-07 8.996443745461155e-07 0.0 0.0 1.3161754998604423e-06
18.43843843843844 1.9136009732602989e-07 4.179076738269007e-07 0.0 0.0 6.092677711529304e-07
18.45845845845846 8.640481204532229e-08 1.9074779790152513e-07 0.0 0.0 2.771526099468474e-07
18.47847847847848 3.8344550543597124e-08 8.55469804183354e-08 0.0 0.0 1.2389153096193254e-07
18.4984984984985 1.6724188094982925e-08 3.76974667501462e-08 0.0 0.0 5.442165484512911e-08
18.51851851851852 7.168999285600371e-09 1.6322190830174973e-08 0.0 0.0 2.349119011577533e-08
18.53853853853854 3.0202333447194744e-09 6.943846504811199e-09 0.0 0.0 9.964079849530685e-09
18.55855855855856 1.2505101583328912e-09 2.9025106667150607e-09 0.0 0.0 4.15302082504795e-09
18.57857857857858 5.088560545487154e-10 1.192055182300566e-09 0.0 0.0 1.7009112368492823e-09
18.5985985985986 2.0349785338468804e-10 4.81021608678035e-10 0.0 0.0 6.845194620627233e-10
18.61861861861862 7.997937207663383e-11 1.907108772554253e-10 0.0 0.0 2.706902493320592e-10
18.63863863863864 3.089196062611186e-11 7.428926211276405e-11 0.0 0.0 1.0518122273887592e-10
18.65865865865866 1.1726226653262861e-11 2.8432396754498904e-11 0.0 0.0 4.015862340776174e-11
18.67867867867868 4.374338504179299e-12 1.0691409702598627e-11 0.0 0.0 1.5065748206777896e-11
18.6986986986987 1.6036282913795541e-12 3.9499160572318276e-12 0.0 0.0 5.553544348611386e-12
18.71871871871872 5.777342970827685e-13 1.4337372017915649e-12 0.0 0.0 2.011471498874332e-12
18.73873873873874 2.0454157180004363e-13 5.113020356637558e-13 0.0 0.0 7.158436074637996e-13
18.75875875875876 7.116392501016509e-14 1.7914691602510408e-13 0.0 0.0 2.5031084103526876e-13
18.77877877877878 2.433094213444746e-14 6.166839497207464e-14 0.0 0.0 8.599933710652207e-14
18.7987987987988 8.174751351100969e-15 2.0856199633062768e-14 0.0 0.0 2.9030950984163734e-14
18.81881881881882 2.6989985195158376e-15 6.929864283732089e-15 0.0 0.0 9.62886280324792e-15
18.83883883883884 8.75667239489866e-16 2.262190564056099e-15 0.0 0.0 3.137857803545966e-15
18.85885885885886 2.7917712830266825e-16 7.255151725382281e-16 0.0 0.0 1.0046923008408955e-15
18.87887887887888 8.746227982871674e-17 2.2859919230510595e-16 0.0 0.0 3.160614721338227e-16
18.8988988988989 2.6925139340345572e-17 7.076391601045951e-17 0.0 0.0 9.768905535080509e-17
18.91891891891892 8.144930047058985e-18 2.1520688553222942e-17 0.0 0.0 2.966561860028187e-17
18.93893893893894 2.42105727899713e-18 6.429923907687238e-18 0.0 0.0 8.850981186684366e-18
18.95895895895896 7.07142927402178e-19 1.8873792060609816e-18 0.0 0.0 2.59452213346316e-18
18.97897897897898 2.0295041990571834e-19 5.442701512782904e-19 0.0 0.0 7.47220571184009e-19
18.998998998999 5.723340237339936e-20 1.5419500558259452e-19 0.0 0.0 2.1142840795599393e-19
19.01901901901902 1.5859238876213533e-20 4.291657081118888e-20 0.0 0.0 5.877580968740235e-20
19.03903903903904 4.318020096953454e-21 1.1734839974711647e-20 0.0 0.0 1.605286007166509e-20
19.05905905905906 1.1551887941923323e-21 3.1522842720431283e-21 0.0 0.0 4.307473066235462e-21
19.07907907907908 3.0365734142799377e-22 8.318945327371691e-22 0.0 0.0 1.1355518741651622e-21
19.0990990990991 7.842846392868667e-23 2.1567735836139847e-22 0.0 0.0 2.941058222900852e-22
19.11911911911912 1.9903039822629184e-23 5.493295753452086e-23 0.0 0.0 7.483599735715001e-23
19.13913913913914 4.9626956951672494e-24 1.3745240634529173e-23 0.0 0.0 1.8707936329696414e-23
19.15915915915916 1.2158086877851728e-24 3.378792328636903e-24 0.0 0.0 4.59460101642208e-24
19.17917917917918 2.926571334939659e-25 8.159420789892831e-25 0.0 0.0 1.1085992124832485e-24
19.1991991991992 6.92143677101177e-26 1.935729988208098e-25 0.0 0.0 2.627873665309277e-25
19.21921921921922 1.608324738245372e-26 4.511456993308591e-26 0.0 0.0 6.119781731553954e-26
19.23923923923924 3.6718821175865296e-27 1.0329385418665204e-26 0.0 0.0 1.4001267536251715e-26
19.25925925925926 8.236419511420433e-28 2.323361677170986e-27 0.0 0.0 3.147003628313029e-27
19.27927927927928 1.8151822982490608e-28 5.1338471988251395e-28 0.0 0.0 6.949029497074203e-28
19.2992992992993 3.9303524513567345e-29 1.1144278824144087e-28 0.0 0.0 1.507463127550082e-28
19.31931931931932 8.361220707565171e-30 2.3765288264927764e-29 0.0 0.0 3.212650897249296e-29
19.33933933933934 1.7475611356208677e-30 4.9786947060284146e-30 0.0 0.0 6.726255841649276e-30
19.35935935935936 3.588535155660058e-31 1.0246332325757114e-30 0.0 0.0 1.3834867481417172e-30
19.37937937937938 7.239721897767245e-32 2.0715774826987004e-31 0.0 0.0 2.795549672475425e-31
19.3993993993994 1.4349745644381104e-32 4.1144617605229626e-32 0.0 0.0 5.549436324961076e-32
19.41941941941942 2.794357882867142e-33 8.027925144946719e-33 0.0 0.0 1.0822283027813861e-32
19.43943943943944 5.346053393702371e-34 1.5387617870828216e-33 0.0 0.0 2.0733671264530597e-33
19.45945945945946 1.0048378977921305e-34 2.8974546795421315e-34 0.0 0.0 3.902292577334265e-34
19.47947947947948 1.85553114191044e-35 5.359675589592594e-35 0.0 0.0 7.215206731503035e-35
19.4994994994995 3.3662639184510104e-36 9.739493798535036e-36 0.0 0.0 1.3105757716986038e-35
19.51951951951952 5.999761159962467e-37 1.7386403664578498e-36 0.0 0.0 2.338616482454096e-36
19.53953953953954 1.050567412893844e-37 3.049004793456916e-37 0.0 0.0 4.099572206350761e-37
19.55955955955956 1.8072423394620287e-38 5.252679923722812e-38 0.0 0.0 7.059922263184841e-38
19.57957957957958 3.054286450543647e-39 8.889509066352003e-39 0.0 0.0 1.1943795516895651e-38
19.5995995995996 5.071103873273424e-40 1.4779106339735137e-39 0.0 0.0 1.9850210213008564e-39
19.61961961961962 8.271668769838909e-41 2.413746712486497e-40 0.0 0.0 3.2409135894703882e-40
19.63963963963964 1.325501514372271e-41 3.8726471346440586e-41 0.0 0.0 5.198148649016332e-41
19.65965965965966 2.0867115335103704e-42 6.103746288152801e-42 0.0 0.0 8.190457821663172e-42
19.67967967967968 3.2272929092345347e-43 9.450547186394029e-43 0.0 0.0 1.2677840095628564e-42
19.6996996996997 4.903507742915059e-44 1.4374376293254867e-43 0.0 0.0 1.9277884036169913e-43
19.71971971971972 7.319251091511248e-45 2.1477923484514527e-44 0.0 0.0 2.8797174576025805e-44
19.73973973973974 1.073288704540006e-45 3.152582547036148e-45 0.0 0.0 4.225871251576154e-45
19.75975975975976 1.5461637340720725e-46 4.545809383480812e-46 0.0 0.0 6.0919731175528846e-46
19.77977977977978 2.1881764575850137e-47 6.439116003284731e-47 0.0 0.0 8.627292460869745e-47
19.7997997997998 3.0422584221229995e-48 8.960067101707272e-48 0.0 0.0 1.200232552383027e-47
19.81981981981982 4.155236757279252e-49 1.2248022692682811e-48 0.0 0.0 1.6403259449962057e-48
19.83983983983984 5.575456173977705e-50 1.6447130743341295e-49 0.0 0.0 2.2022586917319013e-49
19.85985985985986 7.349352649513469e-51 2.1696191024680937e-50 0.0 0.0 2.90455436741944e-50
19.87987987987988 9.517019105708453e-52 2.8115498851545584e-51 0.0 0.0 3.763251795725404e-51
19.8998998998999 1.2106960636839509e-52 3.579124502990806e-52 0.0 0.0 4.789820566674756e-52
19.91991991991992 1.5130415369043333e-53 4.4758581231623615e-53 0.0 0.0 5.988899660066694e-53
19.93993993993994 1.857579165834033e-54 5.498498350465402e-54 0.0 0.0 7.356077516299432e-54
19.95995995995996 2.2403910769340117e-55 6.635596445553173e-55 0.0 0.0 8.875987522487184e-55
19.97997997997998 2.6544811857600084e-56 7.866539333515437e-56 0.0 0.0 1.0521020519275443e-55
20.0 3.0896842948205766e-57 9.161259231203026e-57 0.0 0.0 1.2250943526023589e-56
